for arr time: 2
16.210736
15.519550
15.639381
17.222718
15.869595
15.205186
15.916838
16.401481
16.663223
17.403219
15.068198
14.913502
16.571975
15.624049
16.757253
14.866156
15.086665
15.444699
14.805001
17.747263
16.741632
17.552265
15.531261
15.646658
17.039923
16.913473
17.090480
15.576444
15.156353
15.519550
average: 16.0568242333
cov: 0.0245903736888
std_dev: 0.0694468437226
upper: 16.1262710771
upper: 15.9873773896
for arr time: 3
13.035896
12.548524
12.194718
11.718232
12.114318
11.901206
11.304742
11.933970
12.420681
11.524257
11.846199
11.987558
11.778383
11.659426
11.775078
12.632281
12.196404
11.290188
11.663091
12.606652
12.076160
12.199591
11.704818
12.613379
11.932445
12.313424
11.996584
12.618250
11.939402
12.548524
average: 12.0691460333
cov: -0.0232075557406
std_dev: 0.181696974642
upper: 12.250843008
upper: 11.8874490587
for arr time: 4
10.591641
10.878056
11.196549
11.049642
10.374331
10.238177
10.366076
10.937591
11.001650
10.623369
10.494518
10.822745
10.796766
10.746150
10.349467
10.507039
10.402623
10.489916
10.705117
10.692327
10.534257
10.760502
11.211144
11.322388
10.957256
11.000346
10.752545
10.836992
10.814520
10.878056
average: 10.7443918667
cov: -0.0033328786634
std_dev: 0.0481631612897
upper: 10.792555028
upper: 10.6962287054
for arr time: 5
10.159356
10.058341
10.460681
9.922387
9.884667
9.958066
9.849668
10.162915
10.363990
9.895217
9.598869
10.040569
10.336364
9.781149
9.763375
9.944052
9.774218
9.788458
10.289093
9.890889
9.987518
10.372041
9.896500
10.427555
9.913232
9.913673
10.263539
10.145935
10.001218
10.058341
average: 10.0300625333
cov: -0.00628100752261
std_dev: 0.0407866000887
upper: 10.0708491334
upper: 9.98927593324
for arr time: 6
9.437084
9.821707
9.828084
9.531274
9.749575
9.524481
9.667229
9.590917
9.675373
9.495853
9.529220
9.537788
9.971333
9.619801
9.539501
9.534660
9.449671
9.561164
9.478854
9.461160
9.460325
9.811890
9.816911
9.683919
9.505316
9.483717
9.849063
9.667030
9.836131
9.821707
average: 9.63135793333
cov: 0.00357576454409
std_dev: 0.0559070702085
upper: 9.68726500354
upper: 9.57545086312
for arr time: 7
9.114543
9.473222
9.863070
9.510088
9.309627
9.198008
9.515705
9.555191
9.435663
9.323379
9.366876
9.498405
9.498905
9.301036
9.175990
9.242693
9.015188
9.247417
9.553967
9.282084
9.308578
9.720842
9.422496
9.716379
9.450573
9.428229
9.513643
9.596997
9.192499
9.473222
average: 9.4101505
cov: -0.0136407348436
std_dev: 0.0680941145015
upper: 9.4782446145
upper: 9.3420563855
for arr time: 8
9.038206
9.474449
9.433000
9.045370
9.006489
8.928751
9.009709
9.348507
9.221991
9.149689
9.023404
8.959822
9.137452
9.051013
8.901695
9.080351
8.849429
9.046144
9.235372
9.272101
9.151257
9.440540
9.175133
9.384866
9.352054
9.175587
9.404192
9.235632
9.110933
9.474449
average: 9.17058623333
cov: 0.00479372814399
std_dev: 0.0533765810257
upper: 9.22396281436
upper: 9.11720965231
for arr time: 9
8.836081
9.331106
9.312768
8.900269
8.952115
8.892938
8.967358
9.104356
9.121963
9.014546
8.861390
8.777273
9.108527
8.885482
8.722543
8.997375
8.901749
8.950124
9.069443
9.098478
9.063910
9.433791
9.009184
9.243774
9.146924
9.069118
9.064654
9.061117
9.092706
9.331106
average: 9.04407226667
cov: -0.000772547234402
std_dev: 0.0601492146505
upper: 9.10422148132
upper: 8.98392305202
for arr time: 10
8.955523
9.330692
9.209698
8.650181
8.698796
8.709516
8.946527
9.056743
9.022063
9.004045
8.797070
8.828760
8.919639
8.889819
8.826751
8.858625
8.658558
9.045700
8.997969
8.913995
8.934480
9.219796
8.943246
9.056208
9.042296
8.800409
8.951375
8.953898
8.905117
9.330692
average: 8.94860623333
cov: -0.0163630760667
std_dev: 0.0503956597254
upper: 8.99900189306
upper: 8.89821057361
for arr time: 11
8.817431
9.216975
8.915762
8.728329
8.651753
8.618336
8.791615
8.929348
8.952760
8.723542
8.762773
8.828132
8.870499
8.678526
8.723214
8.907611
8.656285
8.832563
8.862923
8.772478
8.979999
9.142299
8.766104
8.990466
9.126162
8.710196
8.989876
8.965182
8.799742
9.216975
average: 8.86426186667
cov: -0.0162477627698
std_dev: 0.0502392176686
upper: 8.91450108434
upper: 8.814022649
