for arr time: 2
15.647266
16.150561
15.824869
16.621844
14.663077
14.688818
14.949213
15.677359
15.669352
15.766868
15.348749
15.348737
15.074440
15.074438
15.114403
14.948611
16.460781
16.048855
17.803189
16.376616
15.741703
15.642569
14.807741
15.028919
16.942245
16.713564
16.226428
16.548742
15.850406
15.816235
average: 15.7525532667
std_dev: 0.0565848528098
upper: 15.8091381195
lower: 15.6959684139
for arr time: 3
11.997887
12.142372
12.764892
12.406429
11.939304
11.939287
12.067684
12.067703
11.999647
11.937462
11.838435
11.838432
11.561522
11.561510
11.933235
11.933112
11.841975
11.841957
12.029531
12.029504
11.828683
11.822315
11.677350
11.676430
12.621609
12.621724
12.663571
12.642896
12.039531
12.042087
average: 12.0436025333
std_dev: 0.0680462819647
upper: 12.1116488153
lower: 11.9755562514
for arr time: 4
10.953989
10.996339
10.451046
10.452672
11.138943
11.138937
10.648545
10.648601
10.572634
10.566778
10.793001
10.792991
10.413782
10.413776
10.854869
10.854845
10.801883
10.801869
11.362030
11.252509
10.683038
10.682841
10.742467
10.615688
10.796016
10.796090
10.690660
10.729477
10.987119
10.987090
average: 10.7873508333
std_dev: 0.0597763531377
upper: 10.8471271865
lower: 10.7275744802
for arr time: 5
10.230835
10.230861
10.243732
10.244395
10.015753
10.015749
9.873009
9.868677
10.573084
10.573190
9.965526
9.965520
9.892697
9.892694
10.358959
10.358895
10.186957
10.186948
10.110502
10.110467
9.893881
9.893792
9.687924
9.687989
10.591662
10.627104
10.212863
10.212859
10.088326
10.088310
average: 10.1294386667
std_dev: 0.0437127859225
upper: 10.1731514526
lower: 10.0857258807
for arr time: 6
9.755020
9.755056
9.719755
9.719880
9.913493
9.913502
9.522227
9.522265
9.595590
9.595620
9.644183
9.644181
9.709002
9.709000
9.649884
9.649841
9.611935
9.611235
9.698488
9.698449
9.553071
9.553040
9.617514
9.617514
10.116025
10.116101
9.551391
9.551393
9.666195
9.666190
average: 9.68823466667
std_dev: 0.0401820434775
upper: 9.72841671014
lower: 9.64805262319
for arr time: 7
9.478498
9.478534
9.426539
9.426594
9.503112
9.503113
9.193959
9.194284
9.456924
9.456962
9.233664
9.233665
9.288010
9.288004
9.426418
9.426387
9.642888
9.642874
9.550344
9.550320
9.200428
9.200412
9.305821
9.297681
9.748641
9.748728
9.641821
9.641817
9.421509
9.421504
average: 9.43431516667
std_dev: 0.0369648667989
upper: 9.47128003347
lower: 9.39735029987
for arr time: 8
9.294063
9.294106
9.210597
9.212153
9.347318
9.347315
8.974293
8.977728
9.315401
9.315429
9.118322
9.118318
8.934654
8.934654
9.182460
9.182440
9.358789
9.358787
9.226739
9.226739
9.053635
9.053571
9.103947
9.104017
9.575941
9.576005
9.240985
9.240987
9.218457
9.218449
average: 9.2105433
std_dev: 0.0400036307159
upper: 9.25054693072
lower: 9.17053966928
for arr time: 9
9.173025
9.173051
9.022110
9.022135
9.192851
9.192847
8.812257
8.812271
9.036174
9.036205
8.958241
8.958242
8.930341
8.930339
9.332081
9.332071
9.148114
9.148117
9.156769
9.156761
8.952929
8.952859
9.024578
9.024613
9.332082
9.332110
9.546950
9.546952
9.216934
9.216919
average: 9.12236426667
std_dev: 0.0396288987647
upper: 9.16199316543
lower: 9.0827353679
for arr time: 10
9.018444
9.019839
8.871376
8.871403
9.032863
9.032854
8.877990
8.878006
8.938133
8.938136
8.823295
8.823293
8.777060
8.777056
9.221561
9.221547
9.054294
9.054296
8.971420
8.971414
8.815607
8.815551
8.801207
8.801253
9.088792
9.110967
9.140729
9.140733
8.945617
8.945611
average: 8.9593449
std_dev: 0.0378100545883
upper: 8.99715495459
lower: 8.92153484541
for arr time: 11
8.808997
8.809025
8.836080
8.836108
8.997015
8.997011
8.758337
8.758354
8.828701
8.828712
8.738316
8.738311
8.716476
8.716477
8.893285
8.893274
9.001404
9.001407
8.890412
8.890407
8.809630
8.809578
8.869475
8.869484
9.137339
9.137400
8.984665
8.984660
9.036770
9.036763
average: 8.8871291
std_dev: 0.0388105759368
upper: 8.92593967594
lower: 8.84831852406
