for arr time: 2
15.575784
16.105859
15.644140
16.542952
16.716104
15.851115
16.554271
15.686833
15.806042
15.384333
16.888230
15.408890
17.009323
16.155569
15.533189
14.819198
15.298462
15.296452
15.754394
15.751547
16.185935
16.379385
15.179626
15.006599
16.809087
15.264633
15.691600
15.092466
15.342613
16.957818
average: 15.8564149667
std_dev: 0.0982056091339
for arr time: 3
12.002891
11.796673
12.657921
12.663461
11.962700
12.219800
11.849609
11.761095
12.165665
11.735987
12.548537
11.848762
12.525833
11.160510
11.371536
11.923946
12.145888
11.629614
12.348498
12.590942
12.449644
11.923109
12.484146
11.684747
12.195365
11.712258
11.430298
11.757755
11.350301
12.094815
average: 11.9997435333
std_dev: 0.0475379160603
for arr time: 4
11.017126
10.810863
10.787564
10.917882
10.869803
11.119173
10.550911
10.481975
10.738710
10.742516
11.062941
10.594590
10.731242
10.369304
10.089376
10.720308
10.482483
11.116586
11.023852
11.215564
10.539749
10.584846
10.798905
10.518057
10.984908
10.773863
10.706473
10.485425
9.904994
10.540564
average: 10.7093517667
std_dev: 0.0758274436912
for arr time: 5
10.206392
10.150065
9.899218
10.182184
10.283618
10.299791
10.408509
9.713852
10.317252
9.828481
10.397652
9.658390
10.314500
10.016280
9.833008
10.063265
9.939123
9.653539
9.884148
10.166093
9.884720
9.769290
10.043368
9.892147
10.152521
10.064630
10.349345
9.946156
10.007147
10.281238
average: 10.0535307333
std_dev: 0.0514004168788
for arr time: 6
9.757521
9.457431
9.450596
9.599691
10.019493
9.577584
9.488783
9.606446
9.553705
9.794995
9.817358
9.415007
9.890548
9.487412
9.563342
9.227588
9.608395
9.609442
9.556648
9.919477
9.637569
9.307679
9.635764
9.432267
9.742681
9.661558
9.611165
9.814294
9.578874
9.596156
average: 9.6139823
std_dev: 0.0439624906534
for arr time: 7
9.396558
9.398740
9.220375
9.581778
9.487596
9.413984
9.159695
9.335348
9.513950
9.367324
9.501713
9.252794
9.587911
9.183076
9.200437
9.180227
9.135530
9.598712
9.389706
9.563992
9.630646
9.010572
9.403599
9.192819
9.270582
9.387777
9.628004
9.493431
9.229002
9.473990
average: 9.3729956
std_dev: 0.0386196566106
for arr time: 8
9.317177
8.926984
9.057520
9.457921
9.441199
9.171014
9.088233
9.038333
9.259662
9.246784
9.650425
9.133675
9.298650
8.980138
9.161267
8.890412
9.219695
9.252209
9.193246
9.351719
9.138612
8.911388
9.036948
9.003847
8.957371
9.040264
9.115801
9.287138
9.334205
9.398870
average: 9.17869023333
std_dev: 0.0502156500284
for arr time: 9
9.232040
8.969921
9.067308
9.184756
9.187285
9.098884
9.089299
9.045951
9.151751
9.030501
9.411692
8.971838
9.148327
8.779043
8.941168
8.914903
9.054116
8.963445
9.059519
9.054582
8.900615
8.686661
9.039332
8.838199
9.026158
8.957155
8.922790
9.083258
9.159916
9.186836
average: 9.03857496667
std_dev: 0.0528048088099
for arr time: 10
8.752437
8.824889
8.951453
8.972404
9.041340
8.975895
8.892154
8.913769
9.006095
8.874459
9.231035
8.803521
9.172389
8.770832
8.696888
8.786599
8.968703
8.970322
8.711362
9.163581
8.837601
8.672596
8.725337
8.703571
8.669409
8.900464
8.924990
8.957115
8.910327
9.012762
average: 8.8931433
std_dev: 0.044948348771
for arr time: 11
8.827944
8.744038
8.871613
8.995810
8.928234
8.893002
8.791914
8.738053
8.762120
8.845968
9.065108
8.508015
8.967000
8.746106
8.610410
8.647782
8.903550
8.806227
8.782250
9.042411
8.868781
8.468545
8.645417
8.653237
8.803843
8.684234
8.831869
8.782990
8.727222
8.810854
average: 8.79181823333
std_dev: 0.0347973359139
